100
698347 870339
289430 822077
133874 134951
610681 913561
820153 893216
933137 948121
418329 907659
867574 908623
487726 913031
845662 940994
398283 946421
504616 556585
480420 825180
129582 652299
194051 795970
459390 569670
468956 987439
350557 904276
889088 930961
317165 583556
249995 608024
334291 394875
170276 247366
387580 811128
95861 411039
531897 818547
443498 575056
140778 398662
912853 960521
859537 878597
756855 794710
291490 631316
134992 472196
754214 982549
832557 842383
496650 659946
613730 923776
899410 978228
693810 781349
761722 859120
235944 454190
338291 556675
642776 675768
812882 817684
964289 974434
874060 991450
836257 992631
784500 848210
340196 918163
104467 882437
86658 832574
184839 973126
194089 222217
403299 588533
242871 400563
792964 952371
808888 930848
740780 773014
974580 999967
155511 610941
4935 38205
241962 649286
43871 204362
270731 292574
820166 890682
112126 645953
526840 831875
415060 474520
80251 351116
836824 995431
57867 80266
519424 735580
24851 358814
410904 703454
130498 250157
437900 621977
980342 984128
836196 975057
866419 914009
239511 754453
799019 867076
196687 280056
740732 883858
976286 991135
317557 863705
201182 316567
215669 245096
232497 432997
351329 486246
16741 583744
888508 891611
109854 734802
307979 942119
328233 827681
208283 232841
181826 224531
38520 277956
130119 985789
475317 589392
447426 740176
24
229519 509174
186555 616832
637176 718403
827870 992131
95035 603372
988344 997180
723703 908114
151431 227840
668634 843294
734653 992983
735181 972537
814420 896786
444254 709097
191968 197846
815690 941274
785477 877461
337775 724373
198553 795197
720276 958349
477335 638920
649336 764800
988819 994229
394979 551899
428605 565756
95
270992 653319
288521 927260
171819 531315
366331 489697
711237 813061
78627 124904
666528 899454
794372 949566
37205 848037
864402 928312
101480 737863
387888 960743
611495 919055
245025 606327
361543 707527
493844 756648
542168 678244
779316 990743
150656 721530
524813 711287
826994 881472
570365 759850
416444 788060
149044 684337
76865 781364
215081 693309
125371 998541
799166 907709
461043 941146
897090 964395
226852 501140
134879 534264
524501 881440
980202 987564
353714 653750
747979 906676
82808 270139
263676 446803
322886 477963
248416 600866
749885 980064
40051 50328
991471 991961
571770 626821
449365 630029
449680 987792
107308 123372
208415 887985
398542 681042
352843 976233
254684 890721
575740 903252
633133 968128
471491 632904
696593 985770
718003 935483
310933 444648
443362 541799
152021 279301
157080 191206
176431 926813
83615 225549
325472 995358
767368 855954
222519 841114
188660 249234
334063 894237
70926 826269
77851 821468
419236 875933
130601 147994
575107 960748
323 792374
919825 968642
568414 885320
516476 545150
978914 983580
877686 908585
360410 489629
719998 981178
426378 549479
822374 872681
790386 933682
461354 967474
612971 819062
872244 928215
187211 752339
936438 981814
953322 957254
392155 741808
576280 854498
698584 760562
683589 842867
155813 251308
274958 686290
32
570373 753899
765468 826846
353267 665663
195824 804235
273482 432457
838581 961988
577765 954655
879785 917881
528502 711526
375091 432231
128858 980352
562132 733361
375964 399125
349723 951893
623135 889570
748241 985584
892856 979861
141644 911892
84409 580386
133631 817940
692198 773082
715272 981787
207675 833626
900750 923771
823551 964621
61091 717909
268677 847175
815976 996000
766755 813738
67905 220983
505913 745876
689946 845519
42
869064 899964
844829 947050
424621 632186
383569 746095
75970 487122
909954 953434
620139 874457
188053 603966
843098 988645
39551 876986
198563 767229
611810 662681
386413 739424
969749 982471
282461 938637
209401 794240
156744 845823
266247 561018
555580 943640
507579 780584
581233 631935
931396 951683
891638 978801
775613 891015
831174 977873
169261 197262
625702 896990
318785 991188
29050 974919
770681 773522
553623 669401
794272 978125
628176 660402
496148 702004
863465 962298
84666 88662
961419 984478
579917 899827
665765 942382
340323 949802
523888 877186
988373 988566
56
669087 830196
165707 959900
429416 457025
529395 530797
126837 170938
433172 786738
738844 947894
249489 820319
860010 951602
759077 935775
270031 898103
523935 677856
995080 995933
928360 990962
310399 561501
54244 305136
257509 984742
305289 977885
807032 822080
306615 426082
471227 657842
103566 154840
881145 909790
596642 912160
406702 497453
650096 677777
894614 913010
700555 992688
125214 368668
793880 871513
566101 625904
856639 929414
949233 986419
224628 897557
14015 240739
221635 283899
438035 945082
641848 785419
569566 825561
566228 680437
761699 774424
297889 424392
548328 765944
458702 960049
81604 553994
49516 138609
646491 711125
706303 784468
612336 958471
491878 748803
256144 504123
178267 418762
162748 599207
759750 807711
991428 997341
60477 666105
93
492340 651447
630498 792526
705117 783382
840115 878645
476579 849006
449232 920488
312454 930581
864487 956491
917938 968149
372336 954761
335365 840330
271418 530657
517803 574322
95895 196375
17438 124216
220042 485172
706703 957849
796998 951207
734448 961233
438322 595533
605912 924897
807684 812354
742281 947656
674722 892126
695384 705140
391308 996924
709569 933752
797723 847032
83996 133518
11361 123648
597091 905803
796212 995915
189670 668773
326 835598
344629 362020
643495 833634
721963 800300
503369 522742
857150 926234
430925 591195
395381 465330
443197 929449
215038 871848
833566 839275
712594 924541
818125 999954
771000 780494
187140 479958
158117 694592
428334 862488
664192 951150
618087 657438
918355 954533
125158 978821
67831 311859
910803 996061
144909 992550
118300 263887
643146 854643
495250 581038
966798 982547
141019 647907
305080 640106
262586 356707
829252 868489
264073 767014
552963 864073
813842 948096
455194 930222
384483 544475
895337 934322
639302 667349
49514 508344
185577 713091
543332 880754
383987 414728
782875 792366
749310 876360
669657 894656
602987 801800
440978 811360
720500 806046
861594 865179
186134 631927
526259 735353
154171 859119
851734 897252
533254 591381
881011 944538
546236 890027
933380 939043
496122 746686
366351 478822
85
832420 855880
950049 993411
119434 188020
700358 997577
235391 339868
111956 452652
689289 885919
396119 438460
205407 378307
405810 549047
61741 205184
628862 682509
461496 900745
480124 988655
616986 922538
176342 886475
473755 888148
30203 493692
800740 969989
255674 497012
855582 856657
118547 367029
847432 926398
908760 990792
906222 984020
396084 602690
710458 819987
36630 42838
829642 951427
156823 465298
108146 811113
884616 884806
366906 498957
430662 734684
239485 667481
594994 937966
368346 890145
734480 845176
143921 644058
288691 994270
404517 523894
524050 553894
520566 968109
742881 921390
822502 859419
815362 993358
112023 192244
154680 744814
113390 997274
938072 939766
390093 585981
759417 906272
314542 540261
560640 652992
721303 856277
658693 790669
434288 746977
354117 752425
328534 342377
269967 438915
35610 402083
111158 285561
573242 691501
315727 643881
164523 745546
317324 541466
507703 662864
228033 561072
506927 881858
958752 989758
786163 787737
144904 773036
650905 666690
101893 244264
289770 336057
549472 807999
727948 931285
421460 971017
515709 746120
894408 967540
516948 761058
746477 855378
163456 985469
137285 809992
230890 805524
4
421045 430601
887550 999671
8690 215079
96257 999396
13
765114 920840
519550 540681
735254 746137
774969 915882
838405 937196
753587 809199
411613 497609
142120 846233
989556 991336
911821 970845
471676 746926
710398 802228
655478 880902
95
257237 938999
160263 303844
92627 743317
715479 840581
132182 773813
117061 806708
46709 410359
876212 944809
397490 887283
392125 473543
526955 916301
376785 657752
452817 519628
239387 838413
904106 994785
316061 787393
526871 718919
192534 966911
840718 897329
129070 523223
307709 637899
767285 817816
975195 991395
993716 997218
572128 639468
405815 423023
463795 541071
149754 629855
760761 819974
61456 840895
873839 961357
720067 858788
307546 502811
589345 996935
362538 920002
106922 949992
944243 946700
787936 846687
721660 879261
421559 966729
988383 993191
955639 970148
597597 967507
446248 856317
59168 959677
149006 465893
418810 559204
947341 988895
745996 849792
540608 632315
219843 914281
707856 901857
917455 971854
473225 497437
479531 664358
540380 666158
90082 550233
895046 960615
626962 835697
126115 199131
27118 401111
302263 714266
354635 999235
517549 881943
338936 392306
570211 680383
138612 788906
928269 931176
232076 367869
334884 354163
612519 779594
796248 840440
582553 730506
870361 963959
896545 932758
592613 855337
557056 780657
926277 982036
666984 930818
185081 845613
599485 784286
278672 944411
541070 952783
848359 959774
465332 842631
156443 403629
14462 652899
719063 807808
928994 980999
777176 825058
130310 726468
595248 660971
62727 943006
564385 969607
901481 995682
51
889889 927521
597504 889566
729976 860217
946073 955005
875496 920897
844492 976481
113832 583778
28185 182264
144882 806040
519216 528405
498549 848612
325325 946473
907654 908448
138597 366213
828067 928564
825834 850491
90686 909226
844869 926027
66970 535643
462303 710494
496783 605557
466697 808622
761585 803968
383313 878800
969478 980106
601597 829760
192800 902421
269124 864518
521895 974002
940385 956468
653883 775592
482109 932964
964251 996545
25998 384214
857222 898995
326095 748785
263009 327101
185735 543015
595767 710220
72644 909711
887285 889558
502864 751169
114653 769648
9396 440233
733757 842382
387945 534944
649126 687813
734851 861728
2527 970527
518608 792187
604310 918656
92
637718 669259
332463 676057
494733 993125
953261 957360
646449 728014
621460 762798
127815 339285
488676 958208
851270 991136
716093 939639
595313 770206
711965 858562
416647 949518
966665 971204
118156 922246
885762 953624
65989 327410
567337 686053
702226 972688
217459 422434
638306 917901
854627 934204
739702 789587
904784 943436
189109 844156
714867 824756
905599 975006
85188 485622
724759 871637
595288 958775
595784 739241
10515 724567
413838 781113
520695 701435
251529 753596
639247 777645
666249 693571
59642 335437
713337 794188
430002 755532
914211 935405
858844 919680
841902 843434
833930 850949
173287 220598
818277 915181
522452 565769
414401 862125
629164 817865
414874 968854
884854 978124
185225 608187
442226 665358
92504 849954
991763 997468
345310 646851
388866 782797
663648 714856
102263 675498
788455 836677
746807 775850
250587 287311
867114 940812
709631 940208
88902 504494
945688 947934
866993 954846
249017 420339
735516 836146
374301 499239
202050 456407
934873 945754
616540 839667
362212 563758
122509 165892
403747 724618
708111 958375
42851 269196
152060 826680
445652 891530
419554 767766
187569 438611
628929 851790
283818 592197
296400 474027
159256 949264
757296 801974
933260 975221
31756 236824
63692 255115
293183 703097
429623 537932
92
17720 763942
805419 913863
561828 645401
858495 919851
289144 771940
540128 679861
507014 895815
827105 951472
109062 912031
933418 954613
561410 830179
790206 799543
550779 566720
209684 876910
805496 836519
379366 445709
454166 627606
903600 922703
754448 856894
1316 991620
298521 961298
643118 792154
611680 786609
911015 995953
566417 843521
963674 974327
80707 703073
568019 996764
654750 797621
304073 382043
767755 848705
110258 302476
162405 813373
206085 262080
249947 746541
600745 609106
726196 794746
60639 376333
776239 943462
935862 969305
289136 649822
701705 937256
13161 613685
214714 746947
817601 963249
86067 818695
306783 356710
712710 765345
376794 732090
422056 843570
551561 647106
705711 884220
719517 927950
412647 922040
541781 956165
913348 946619
152282 807281
893944 944233
991186 998674
478046 944436
823238 947603
741118 876074
740758 897208
771103 892019
297002 664992
115889 345849
101530 679209
238796 994521
743072 803654
226501 975268
268432 331065
444289 945012
282656 708011
198188 986362
909280 940854
706944 769513
341395 384823
376273 916908
209544 473875
966778 979487
600738 806553
881050 913349
966583 986162
965312 993710
890709 975677
629703 822572
365859 384664
71593 322594
430539 455863
638239 826489
687650 877513
903135 911331
85
504157 951896
905813 984967
909503 978884
139302 473849
193480 739616
385983 609285
238226 294358
796692 907789
395659 474631
568896 937977
243080 642723
429782 949512
534260 855660
171565 752055
536795 658884
298589 399454
252485 898952
652179 710676
921090 965595
691160 715704
359898 429858
389488 482293
310852 819272
687961 953970
790507 968194
685135 908453
781827 937820
86765 723747
82208 498409
886080 903784
326313 639088
380237 386813
6782 366066
562742 957939
614589 939556
962354 987531
252440 495499
778366 847670
317423 663376
871369 981054
470977 970975
33878 368457
268943 962484
516869 765451
875952 919374
999745 999928
16985 710765
363050 994177
284853 485703
196492 808600
666588 810312
320678 862570
825629 944044
357209 479463
992562 996709
721262 801104
721272 901836
281121 451921
131937 856964
125766 670670
33953 368762
427728 709304
644338 766831
896759 949314
707822 894040
92927 997066
516167 892697
22864 223671
653408 723570
742235 866122
164467 317574
987 564912
597240 754464
110203 413841
695882 828687
198545 649967
333131 957625
23278 432835
832417 945771
836154 955762
529893 712784
113085 209113
461781 826452
608304 964124
921699 957447
1
370736 486231
51
142500 448776
274840 393388
395695 779377
413673 714812
25305 338028
972775 975377
124554 129153
860591 868219
774919 932350
634326 891974
884193 894601
217158 586860
170480 764126
555817 996979
778954 780897
852082 975536
758174 804732
337261 412668
253365 699859
558975 909366
435191 845501
227879 358029
800092 971391
87990 829082
370909 885666
542507 662596
348071 373719
534433 555051
183122 456556
970606 985939
810415 874018
785552 842664
683690 784106
139322 659658
507515 831685
270229 627626
55554 818721
254448 881593
319632 885874
856075 950377
834926 909417
768458 832787
808023 910322
6572 893079
770763 912380
235364 937308
409694 573598
51813 881437
458276 872692
361423 858470
944721 970898
88
823910 863665
507643 876898
460155 938309
882652 986689
283002 964363
771305 919952
509571 599968
822665 910244
159751 502724
755197 917410
526455 975422
252288 287622
224534 725994
795271 801468
99524 620441
872210 977910
293962 632531
165086 180858
775489 994667
861994 967726
926249 975933
259653 509056
914022 928829
911618 913893
104859 208215
351709 775825
16172 605565
866208 988933
507321 683090
961645 990375
463115 930964
380930 651533
858654 915652
507041 676121
268569 577276
256729 338882
918915 964069
315254 502701
843777 995496
822429 993159
880373 923027
630178 765670
650600 818918
680454 888862
636533 929231
685199 805024
396600 857076
330026 875380
963035 990655
309291 309461
352723 423219
207046 270271
362853 680840
406025 522777
820817 975670
224900 661201
754999 756211
30981 310162
68471 340275
287489 345090
294844 592527
807560 955913
418050 502577
791049 827926
818043 841445
415084 507043
247325 852669
537026 673886
440567 600323
497547 613702
760163 929786
38955 82341
473005 699878
413651 832331
569452 784096
552044 772387
26780 47945
860155 912967
284991 613405
413392 476020
762821 965383
611486 752350
520453 771593
346338 856614
335374 978881
368767 692138
10536 496461
55425 264387
83
88704 394518
321790 430393
149554 697114
98032 188020
239034 564969
800988 902490
862635 993827
579161 870286
878819 954648
416920 823931
572406 737973
40738 303838
639802 989871
456580 916573
397540 496451
180947 602850
103420 165092
64819 889274
945248 997625
513440 684557
85881 325816
170583 193422
403001 724881
307073 746057
756118 881468
254429 360210
674710 792639
72738 185619
685732 864472
198392 272542
689890 945168
492134 958582
401849 995641
484547 876369
766250 836202
542351 771424
714888 828733
442347 943652
678571 711963
227838 599208
909622 912674
255245 731537
147243 625180
639716 695041
465166 999885
958151 968615
856284 906960
144418 788602
964134 985493
956626 993559
812441 918254
335080 540164
833325 945546
648700 900066
736650 764819
985495 999301
117672 869474
397825 771773
339918 484102
996970 998208
734178 818138
605486 974357
823829 870176
768183 795875
267103 528578
347579 915094
108370 910628
17191 727065
261799 942633
634067 729795
296668 743338
661264 830084
249750 779758
627569 690112
891229 895125
633087 937126
631432 735136
883779 927535
895665 907022
314321 554200
819392 966570
476038 611144
361973 463422
77
130977 591721
603880 766556
391816 706415
563766 905326
997387 997803
941564 985066
381742 938136
572715 636694
798977 844568
616094 975974
484715 769951
962187 990594
77807 294193
828504 924747
855471 933375
107275 762160
153984 771048
742367 828674
459400 703356
63261 228138
879959 890429
929669 945360
848503 981234
318754 803954
923462 948548
288763 632639
640582 994012
569282 992352
671918 912897
439501 613982
297530 309771
69799 281850
177360 587616
195763 544445
32517 384490
211476 832317
471027 687195
522216 655277
518984 618809
312298 841531
666042 940783
566808 693698
278609 832109
414233 821196
65301 653374
992666 999045
45007 679172
317592 463588
339515 706780
838906 946186
748007 796219
696970 934290
877687 908805
273685 463932
221937 237862
753794 893618
385236 994171
433014 481059
827299 954812
197544 876503
183043 608920
353548 956183
438513 750707
352182 352512
482263 595353
797820 835130
551915 693275
597440 767245
20949 472159
551960 607707
472724 989843
421459 850707
631630 983719
855777 960217
160020 289228
492859 579095
669830 875430
64
690973 944452
241416 474781
949231 971952
356292 468796
633553 890950
736136 947145
746933 952499
727822 853469
617896 682026
711881 984266
105757 538661
489349 596863
109793 219820
257714 844006
814239 911883
55266 660180
319382 785278
553029 938857
585065 737233
573690 579855
375329 970639
902326 940545
274741 867964
676380 995529
362691 999527
57788 305143
475433 565473
967186 992927
114722 725854
798192 862589
252719 892891
217965 918337
283082 831361
471847 669595
293617 758519
665059 850528
966973 996147
649446 894577
434536 967736
566150 657798
994959 997983
206349 694732
299826 952411
564238 630052
886738 945027
501774 643287
500334 798603
813931 984592
626746 846815
120485 557698
782352 957721
411205 523868
494167 610917
990699 997373
425221 753720
763645 975167
661265 915760
524220 972734
485640 709248
90231 173712
879423 971070
557633 792885
186902 368454
221485 945710
92
196490 993947
80506 573410
89334 996523
959113 966587
629187 686183
684205 934782
108578 849834
138947 546123
546381 751288
912358 960640
347684 463157
235102 350426
524698 971716
724871 878879
623298 949725
98365 786458
108499 794502
872280 884594
285741 462893
324789 567342
538002 552038
312780 717234
531466 567585
171667 560282
654975 782914
463593 492552
549274 914848
823267 975968
870247 910072
5619 78622
447478 954801
720917 908446
887395 985532
178683 625359
458235 821964
77971 618878
727358 886679
961735 991177
698546 809300
270865 792825
566612 932559
675152 760171
64839 557529
891481 893552
839619 877159
860657 864345
522491 715604
319106 891411
854073 972441
855725 915682
995328 995904
784933 944730
193162 480455
959400 961130
419186 661560
379491 807194
142475 974190
971815 979329
990580 993399
449172 736232
6944 882978
339193 869091
899703 965683
451921 717009
396116 860331
671500 961844
722503 758670
357138 680197
654021 694927
552384 713627
851301 900407
530502 908275
623086 949778
797051 907151
930539 954368
832879 914534
100503 299270
280305 318885
222471 569596
43427 123196
933865 991287
906354 939490
689327 919034
375765 480807
911874 965591
745509 752998
495712 934594
544127 800622
859693 954533
221832 303712
223399 886559
58426 340242
79
801001 936481
220854 550554
692842 835222
180805 975718
861202 953235
759704 871517
818308 826619
182497 681046
428993 749358
624095 691429
82001 925620
763543 824737
261892 620286
419441 904154
791312 798597
437617 940558
191981 644496
858831 865413
390929 616774
386485 471825
828992 974426
674661 736123
126808 462366
938692 972733
965891 966711
19889 791437
646290 736565
21576 742861
284003 599176
374171 685367
73186 899862
491676 617740
601507 838614
551038 807827
391286 888029
34988 740572
559583 653092
182301 850591
631580 736761
177842 192979
341686 927421
175336 183307
592189 993358
325418 610851
379478 870590
36347 929724
124539 772080
61063 675088
237978 317311
655071 774096
940495 988662
724155 909897
525652 693900
92618 787530
576344 816095
262865 991174
808363 849748
70594 460378
794241 858101
567249 852851
288808 888832
93688 421895
121865 865688
499686 682344
932196 940164
919687 993336
34394 959420
486539 812999
983936 994221
584053 941850
612062 694366
282461 939621
524451 907885
126227 242361
781266 914369
44567 475871
838996 962436
918191 945772
837984 988245
97
223491 834385
952107 954388
771618 976413
150139 934147
312659 962291
669165 686285
691760 747818
666798 797734
878986 965134
214132 940194
701858 771442
820973 843526
355032 697621
434836 508611
960478 980434
358992 502824
225489 281056
494806 877048
794187 988414
483319 497899
494433 506291
645542 870599
900708 931830
765834 849743
557158 882269
528311 613796
610525 642887
25779 89844
25810 304551
505060 615581
446200 705923
444332 492599
223266 361604
758226 879238
582952 595150
335798 883130
42473 218778
959289 982061
399303 937555
215579 692858
341626 872253
728747 896988
887306 956230
988902 993284
507926 780838
435835 845588
216194 479566
415762 803673
312259 448327
857660 950846
493973 978125
67356 203080
413401 761915
867690 963605
345095 561929
673238 977708
783914 998530
308646 379338
381717 450174
354827 926077
215310 659646
36727 553515
596545 926213
733738 795887
907973 924020
42217 675929
72501 138784
642988 822911
303111 399176
623955 751469
514287 644093
552215 622208
256135 886926
211602 935635
710735 890146
131150 895101
771177 935691
401213 493055
480206 704859
847544 924258
23407 374977
84341 294880
395840 814791
599577 640321
972757 977589
605378 854327
704676 888647
111013 608177
465460 532323
844789 905417
744655 770164
432440 438846
941052 946461
332330 866418
125525 562787
116684 531250
555436 668149
94
969807 972381
120202 453479
230919 843730
889810 997643
839462 962897
449923 617785
139840 747204
265237 344949
124868 365436
164441 947390
521914 697881
507594 981630
585207 757766
975504 988091
370157 502494
975927 986500
959999 999184
945280 958613
76174 278402
920666 958603
577740 831861
269229 275258
913280 931454
570326 842785
129847 689524
117204 896749
698144 912435
960640 990031
790582 909535
723917 854536
784761 908987
118750 184278
24366 124661
884839 888457
668676 720205
513466 898696
863684 902966
975495 977341
687466 716834
90243 669438
577616 914998
879562 963624
219307 971633
322850 341363
256824 630662
215599 435064
819917 826512
869105 905644
316786 397327
499189 868512
488041 855931
559517 968168
153346 268605
982648 984842
401084 754937
618482 892102
564420 716005
423461 882128
95776 640027
637033 760157
168221 682742
849416 990082
527305 885067
207078 318657
527061 698476
826599 944261
478537 559530
569193 786463
536892 722918
346305 655760
683420 963221
549368 922103
353995 653095
520969 556163
364528 897322
947428 968530
543272 828561
270677 452603
261781 998990
201433 274243
26352 722358
953712 961070
969257 972236
994603 996383
325066 583843
972124 981869
307224 766942
343703 534838
567434 664023
444007 712848
563815 814818
157287 251895
668175 984958
288754 581343
28
527840 608144
150879 242115
484787 914061
45482 195315
235386 967436
314756 706884
548119 651149
162369 301079
909336 949530
989110 991450
387589 885065
283608 631696
61356 665623
901428 902433
995613 998190
297169 885287
577467 614789
787156 878526
204981 811849
456316 952072
494790 802483
322576 374991
194536 212654
589028 839028
19534 343593
971466 975891
881486 958522
682852 934501
84
95152 248634
985045 993255
50125 805898
933815 940616
320098 975424
161684 338204
407182 936047
650849 938859
764261 853364
242629 452448
436085 987749
840719 973042
127892 538473
255598 500742
518270 994694
199326 375480
38542 169987
857766 933286
692104 898947
451171 968336
890671 916901
798467 851437
18480 740040
834093 885743
371432 883642
338022 520801
926600 943504
349062 366976
530024 914693
736807 786861
920179 997296
258477 598874
937297 948376
467639 936584
743520 912893
815314 988556
979666 982496
963573 991546
682256 704805
914096 958716
157317 640982
791767 880381
454439 946337
764499 919383
865807 967669
849763 971192
740623 837306
259287 730369
695186 955269
887319 955379
845227 946894
171640 598045
811129 904812
750589 818769
272294 483714
473262 555696
986186 987302
515456 775030
462712 517679
528611 943274
932685 976617
567394 630867
820173 988658
995204 996465
364854 731258
514609 903168
98056 676373
81848 83549
893865 960139
648086 744290
619360 688560
430410 984874
658297 907608
948397 998632
148760 173262
48491 372799
58230 728324
497631 683246
841455 889001
758300 925536
963001 996264
153174 504341
127342 211567
369215 986754
96
248016 984796
384522 660167
476968 685780
276413 354416
798238 962975
225342 321834
11343 362937
253165 893803
165655 399532
573042 803120
260331 666657
310545 895230
19074 100466
57930 373283
764669 991731
806916 930920
928837 968201
165061 626179
681364 953909
764050 847839
932332 975457
669322 876657
522791 676431
476031 604601
886443 998437
808485 827646
611028 787908
470023 781908
414952 419770
88431 391048
2187 609439
28962 644259
724780 791768
692104 956057
484127 524436
715167 907988
847082 971121
341144 528658
743130 944434
96533 672335
214375 633539
571035 603879
308394 775561
538070 773174
878701 978834
374161 374626
681857 939179
154098 163227
800312 864639
263684 965426
93897 596600
239187 841553
748408 939380
867199 886508
254799 325702
691734 852715
265941 486644
537291 973597
847290 875637
219022 831723
440998 980809
588801 654551
735637 740312
157513 615033
304541 373217
952791 963280
603663 802200
429340 811857
772071 861738
595350 810814
506952 979547
486619 954035
629912 952393
53863 178055
317268 765741
702062 910144
780879 978663
359585 718742
975452 989380
656458 891825
493480 892927
405544 445018
325111 376120
587114 808437
113864 215426
454881 972970
452231 626126
55258 541732
318079 488479
328469 400495
674982 788088
663023 749974
571646 908634
871382 934735
959881 995848
706780 963903
54
768495 886437
137451 664369
726507 873622
370883 859907
391044 533906
83937 336676
164877 442041
364508 750932
51905 304992
417203 645543
572543 961056
223269 399176
398472 523748
471448 827001
957174 978348
681384 881411
523752 877572
612588 897007
125438 307283
924072 944292
143711 846155
259375 710220
907822 978660
112171 223254
513611 791512
741079 806285
459706 980784
250355 951411
867803 892415
839271 889618
623651 974501
567405 928548
217150 538814
564229 899793
717097 904831
376437 473127
632349 941741
831196 881042
196111 947712
396447 658847
846095 982024
307286 327129
989128 996820
691514 840810
205986 556091
681711 807353
40449 248706
497802 612766
145171 727904
225072 847519
4851 200101
34250 58650
540934 832603
30286 975520
35
147787 522765
595823 707939
365615 612240
178348 415915
954486 979965
221193 938218
326939 700865
584942 696404
425726 687123
257809 587133
696076 811261
410001 516714
358224 735515
62254 467501
41261 570398
382139 673236
80005 566056
861367 967801
493219 969469
887788 962851
376520 451392
778281 806186
201667 250087
543023 667327
759623 821172
616859 853494
457718 574663
499582 714174
79743 370144
245874 918345
879488 883445
140532 659266
542154 695422
884672 912094
726814 763886
67
917337 937467
612051 758526
854189 920582
989151 995163
357586 618413
175516 906178
31974 730876
220636 514496
526593 976931
556615 998366
706561 947332
807962 881047
443827 800074
643555 859241
277465 624210
273601 715286
801945 940883
149751 472923
877757 923164
354581 598566
645900 787312
127165 175273
907600 974314
152680 907615
582732 993657
496260 515022
882769 944042
845345 916008
961027 990257
181306 585391
895718 963434
24677 402539
495567 567353
128406 553241
35646 187684
441765 742624
345287 705657
646362 794015
96071 541821
428240 739477
816629 974622
366477 545769
210033 645163
171817 796715
298684 546143
747200 808161
486450 799131
684055 711863
585868 750774
938026 972175
612310 812349
563092 792066
194984 692866
581598 780658
821510 867068
96691 474013
310571 477460
847559 894074
5705 587201
387516 614156
97126 669101
480483 527433
472650 599269
463778 627357
205057 942176
432148 878119
243563 799681
10
435716 454074
761836 836029
391617 598732
877300 965669
437227 671297
39933 310673
667928 933931
847446 984122
722121 949421
141241 301357
21
794935 838647
252802 296534
943191 986704
602471 648012
308235 648240
260566 656592
702370 843221
40090 891640
816488 853132
214883 371488
990684 997585
346980 729244
394151 944197
549058 908236
221394 726049
716222 998746
720504 873990
616496 769950
124365 317992
770880 965707
275636 520779
42
682926 925352
878718 908056
264701 355403
802234 922128
873239 988105
430988 974215
407855 981441
921252 929029
75323 787015
180710 344995
953834 976342
68410 265866
460186 811783
798140 912642
782187 852873
696899 914252
892127 944784
299747 565800
155606 856677
983315 995002
311893 449718
459908 637404
817566 851248
109238 939363
851849 965456
698934 738242
698533 997240
936136 972173
882515 931633
241551 774821
192224 858491
331485 372153
214168 787776
320578 792724
124791 229834
828688 892135
740559 978058
247896 718080
516304 765987
812129 820991
213144 921804
602431 644527
67
916484 991811
347910 515394
11172 855063
324419 576249
987818 990446
723581 997891
593574 892672
193817 857582
218272 565166
301788 424043
205553 282847
868870 906237
222380 702897
363726 380120
900154 978499
956219 957589
763027 927289
740242 773743
770639 892814
3316 935639
231152 377386
507266 891822
372052 664596
408669 983091
753357 763971
659844 791088
622538 858028
7415 767848
719407 949985
652971 905185
630716 865238
791678 887597
401010 998912
213187 751883
187800 959556
855570 873664
993136 996068
25422 694770
658785 857863
528560 853123
172356 622360
566504 876366
53327 346194
81176 576606
814959 899944
609305 883873
629718 744705
199433 574992
662619 717316
418111 791058
192509 762908
340071 665413
18846 324774
125505 933598
842651 868692
860868 904079
305582 664898
862467 888062
73624 733472
132033 777856
310889 818334
105812 452756
854385 993039
21421 287841
814088 866210
28963 381712
822611 895197
96
955924 972149
268858 768464
928634 934422
642571 911047
479782 919893
927291 983011
837843 886580
799015 955198
871673 920286
915680 994060
104660 878126
197899 684301
437570 639105
67056 270902
567576 579098
863737 913070
901388 905222
929995 983108
622420 696798
426550 616852
570646 688218
696750 722334
618640 957549
916154 951852
456016 705239
669170 678760
744213 978428
268183 449889
152560 332969
622521 743419
187667 818508
377544 681156
844149 975728
271550 344648
377493 991479
558275 958503
386978 696725
662989 917421
884439 931996
732726 752285
743369 863904
757526 934151
973742 986692
250490 461382
118126 856565
993962 996908
469682 752933
575574 685605
30293 79101
512315 681927
658894 932572
504856 840116
430447 971708
353077 704614
694923 739546
783605 867973
475476 902101
661468 908253
519570 878824
678012 772632
35775 56687
371310 731660
755993 768845
417111 713722
561529 695805
286635 973485
247323 283429
311569 497535
936723 986446
793103 876084
869279 914121
833816 909702
650193 984774
288455 348378
467124 889249
287723 728703
531727 754834
256346 973513
720831 963601
530819 704646
255579 627806
989686 997308
932276 964156
745463 756307
619507 986336
174261 345952
64626 278738
698472 980955
110712 870290
325654 850360
514492 856075
977783 987349
812581 897261
935371 995645
301894 486399
921396 996049
2
158226 771221
406510 531227
85
962403 980305
660359 942492
538633 621333
907263 963985
911089 993154
880335 939023
50434 277788
402249 446933
886151 979673
157823 395387
175555 655411
557474 844515
956730 975775
451331 678225
172322 942271
870657 906925
905462 980074
973450 982029
263103 382832
9238 637554
307661 314436
721565 830271
459625 768585
464353 734584
978830 996156
344119 551661
161620 278050
938749 988354
320955 596815
314981 930450
565960 926443
596921 649610
856289 867587
611624 708087
962509 991374
271267 423282
626655 976143
181866 747682
680176 833068
770037 891939
21437 513044
327674 873647
237207 495569
968023 968246
904679 912004
973765 993545
839040 868622
297022 564745
97764 479459
607322 775370
483945 586991
66844 468436
351114 491097
692909 995301
410864 416561
211030 896890
133640 141027
851633 927186
281617 650394
979148 979868
725946 840504
953145 981560
748765 830818
732644 838447
134394 628779
131900 237850
704155 965312
608888 796034
13314 790450
598658 853747
713026 732075
43925 701679
387237 947379
353282 651690
308711 434718
382939 447774
925379 969568
106852 854287
371972 383604
826060 830119
611124 679695
617120 919880
989916 991804
244046 829304
827313 864103
82
65323 860161
877333 959341
572846 817942
613493 868618
977541 999435
552529 833210
496714 635773
902459 912771
385440 735103
105992 500021
319606 722749
500260 912807
335063 683865
845057 990290
793599 847746
735194 994040
5495 358803
88601 346256
615781 950097
72463 160901
976198 989817
754722 804647
889445 998717
592322 886558
874426 932463
849857 900324
109876 585256
761953 912491
809120 963007
526244 618954
194053 836788
148430 701707
111555 150963
355895 416350
473983 605259
134908 277213
597184 659924
472483 696349
594588 997211
277563 875076
836475 899131
945109 947935
663355 717907
364167 921996
518272 683373
419267 813143
570040 717521
350946 877915
411520 823825
700897 741352
619264 938825
638554 824997
785372 963715
194912 355691
498207 786997
910993 980367
665020 758568
557117 578429
27822 741527
972720 983053
605754 911921
103159 277035
57663 519961
188526 798064
211175 257669
422123 886357
124584 423977
715865 932667
209919 957500
871685 970584
304653 603969
819516 926641
501065 522724
173187 241324
972600 997131
453153 630004
247489 618320
709743 830234
307108 314201
183940 792520
934844 997234
129199 157529
4
115623 204014
89442 896476
829744 932316
838261 932410
60
232891 556785
466106 582059
928476 953336
472327 739117
440995 663947
225388 310828
776851 835620
889277 968816
999549 999560
803225 857847
394280 870581
78415 462466
359668 564357
68317 235907
48282 113749
219841 619623
681586 861523
187000 776805
191781 319977
531357 811826
963580 963718
827507 852234
767323 963622
42172 930526
814537 829540
688291 853905
946959 951738
878134 913223
911007 989161
391458 998624
820783 860695
585404 694904
589774 887183
894837 967472
350140 376244
940620 946181
90873 121359
155141 195349
368427 424208
330286 413426
297223 694891
813976 833282
444807 658882
908889 919016
78334 279471
82291 814028
159931 306679
815967 909028
475735 635435
774129 820703
334646 636197
989466 997715
711255 872311
884827 946234
606127 971783
123095 986046
292337 612968
829928 839047
158087 785454
663743 723455
76
360780 363563
682646 759290
848223 963651
946084 958471
654774 940632
881950 901411
442381 859417
528059 829911
929824 939391
494553 790168
689515 861806
505345 669913
860234 947240
255219 872032
523111 697873
409169 832583
396164 429750
345249 751006
175816 355726
208885 873012
596973 724747
849111 963667
69624 102057
206850 863198
263141 904659
907697 922972
615244 820035
163594 823016
379935 571892
782306 866949
319273 772483
533571 545113
424986 888406
641989 882367
253531 370933
471319 600023
334257 773721
312574 649177
524403 888800
442983 496303
394294 838431
237332 685571
820191 854019
438233 987769
737039 783263
209512 985790
139200 382472
100641 519849
51661 641084
851379 939972
379124 975458
552326 985391
336414 946837
533659 995724
434551 775759
403579 762010
218610 518926
735968 994824
928322 942285
741337 836816
240579 964098
805315 963479
732647 850961
14142 94411
855027 952307
319320 550604
743254 970922
933435 941538
254139 599194
662597 734365
679879 889232
330976 756013
421136 973143
706670 842732
882271 919799
732458 965304
84
776641 953584
918382 990270
968216 995795
70580 881633
330670 823744
276113 475964
391225 478115
158094 827673
668104 780694
778248 993320
691297 754118
799153 877328
923718 928177
106923 507710
335542 961977
224503 976837
807206 881467
634920 665656
201903 226697
193992 756615
861143 939959
870153 986905
955176 966358
756983 944470
200128 844803
750876 922163
439809 748849
260397 808453
647220 873732
939492 943126
528790 807212
553134 959680
795464 958485
587302 794291
482157 850056
527616 639468
98619 667301
840812 912694
446142 702939
331922 357897
544699 601668
806593 992557
846447 878535
737503 883471
441711 540256
636204 654425
812237 944740
638137 913268
72740 187154
232002 505908
264435 976356
969471 982773
740795 805072
744597 783333
876082 927545
402186 486061
406143 491799
636949 712673
489910 546402
862787 965052
776566 940738
679405 745623
881513 952642
647887 911863
817535 878138
88597 197940
648503 754136
761689 992421
622 271744
337225 692693
807115 933714
190960 237011
641635 916133
641020 736256
416879 685610
348751 766096
814143 906584
572915 761711
867847 973196
365041 916453
445676 997356
910698 918942
915219 989395
199538 748127
62
391180 878506
77355 940015
968549 970193
713105 727656
423361 689809
345852 889192
91175 171908
39892 518423
711802 751881
641279 760518
980724 993355
932185 965980
457148 753716
844886 854158
80484 90637
876648 985310
462761 623053
657911 664783
131837 384280
969701 998219
561571 615963
411289 519049
415645 658141
420207 562840
820959 907944
739387 970161
176363 448423
309488 454769
614422 776557
679787 748088
971862 989528
937585 962364
46468 155050
368435 570845
188410 477814
320726 684760
959867 971936
969661 979512
722010 872752
733447 818545
334065 452847
488269 879665
714334 894964
982523 993938
828324 930483
356297 623158
845791 962264
570111 941526
376507 392044
93636 554422
763502 767765
990717 995444
243791 443096
534896 971423
739573 944224
107517 429041
463152 803005
737105 885760
473420 806426
69820 750152
417450 723225
519601 705659
85
319827 891615
509921 794957
63950 858638
269797 371696
268347 670946
493293 945749
106361 228418
82840 213269
618175 958172
750570 817721
821423 821988
58223 573421
830405 907243
922856 954458
631575 847736
72228 232898
490215 582880
817292 927643
554361 949829
684592 978911
999508 999957
882249 976787
305515 806132
776963 890727
931757 935166
836749 920965
578203 828413
97063 329696
703247 992685
90599 629865
16801 969120
748065 761261
24821 511521
332668 646956
159707 678599
591398 895467
418588 588432
647269 936169
990575 997844
979992 990612
797287 835455
299319 643271
36473 645930
941975 988371
550633 947448
255849 655563
311322 714338
355111 848254
830622 872466
712056 804471
72193 348442
189221 332939
63471 924811
888756 949961
129212 537157
650011 941421
67161 740708
928360 966457
447719 621680
872647 917590
497664 803811
243007 344197
708260 778639
136046 501698
876642 984636
169298 217726
918890 960861
691729 856730
229524 833959
857307 986997
456007 804438
91412 564262
481068 950778
268355 638052
511231 802043
419700 996877
322989 724082
906810 932411
124983 900743
508438 956150
824167 905993
148205 386436
781636 798458
121293 898540
270027 687974
71
109400 737950
143040 318601
622860 667107
591473 797109
584893 843909
15613 674732
204636 822238
714907 957510
393299 542544
336425 454337
700659 891321
641350 735773
937278 961350
985692 995931
443829 769700
909232 957845
571111 931354
603416 766942
703269 924417
836067 882852
304894 782573
986997 989585
218419 532094
765046 979829
839486 879645
669179 846600
318495 984793
984457 990759
910519 986742
395848 587213
961381 992577
114631 623827
512356 672578
103820 600627
870276 961413
217502 999109
179505 570449
500259 605097
379907 574860
213595 626537
690096 962265
64648 903963
450955 560905
225241 326996
773987 922546
661544 679985
131521 548886
715537 970640
806474 894840
297740 787829
772567 815506
539387 582719
155144 804143
619262 678344
133974 745597
824474 877693
319081 644172
754118 990222
913872 994863
215631 253978
71361 383100
614094 720886
805552 962156
889849 923952
4365 282669
478762 576147
603764 907886
331661 527255
568743 986459
263208 911467
496661 967504
17
456742 959348
212901 430649
463151 500459
629560 665789
521560 859675
601395 950841
949156 988006
159196 513976
194872 661649
608030 823196
341480 564850
933718 973915
372589 627714
572696 970745
19895 999108
208165 598834
244220 339754
5
495842 859162
528341 788817
786489 957325
731295 923438
154628 914872
62
428329 663699
493521 584759
560572 824644
8852 398654
396754 857613
601714 716834
986840 992969
238284 659998
639408 777888
818138 832278
541968 987463
947783 964001
679 379240
904571 975464
684811 924437
896166 943662
452205 507640
601621 988052
812054 966633
177333 694143
250429 842277
223601 412095
55553 132361
239780 730847
993220 997513
113635 464180
933127 982501
764037 922679
804528 918390
81113 911569
816042 818154
982431 986249
905638 954244
973668 988035
485389 920596
263008 615605
340868 752213
555059 965900
373379 687159
497339 895523
411495 765096
833019 835982
61104 374908
604812 728330
82723 688155
771574 870173
180201 461192
548713 650769
166720 479786
832154 893622
53728 287619
598035 933038
942146 974649
795028 961013
570548 838787
123575 747893
126545 184455
360618 554207
269761 391750
402795 750200
175346 546812
855000 867676
26
821772 979848
311777 569326
51747 462915
65564 667844
811427 904903
595295 855423
833598 977795
136128 136637
931664 948617
158188 963760
127441 897793
964578 989135
692114 734866
411902 908537
452735 521655
567141 748821
222341 607787
329411 697643
159096 499222
877807 888587
344784 850919
807162 900907
111029 179035
801222 953526
149013 747488
151283 525392
74
771541 978614
423693 567080
711031 825663
427801 770271
79531 358614
950105 992353
731120 940554
532153 817844
334739 603999
178597 937667
815141 849268
267122 724848
59343 995299
284656 581892
589238 776255
968345 980882
155865 848554
798462 845079
451477 569016
136772 598096
585323 680504
64664 217390
767111 977115
271254 884260
111034 546915
152878 189278
822858 982950
466923 799888
316069 940789
691149 790375
900740 967062
993913 996233
682748 812362
869369 968016
815180 849635
580940 751938
861710 968397
871633 877780
585409 682084
307476 744859
34089 727379
93696 901442
626629 785010
242494 802506
974270 999397
776678 907524
316437 659593
231004 370003
927948 980459
587234 901074
450897 775048
935007 979844
672900 732685
489628 684101
264440 629199
922411 940732
939051 993346
901462 954144
970744 984774
906221 909396
46161 634164
507473 872313
261818 419167
650580 750952
56505 587419
187896 985337
745439 948488
896601 945399
415980 953679
322578 765462
881887 990771
834661 886811
617397 812930
171263 586969
82
55538 523477
178079 928022
922566 997530
867575 986335
984464 996614
282206 834221
331737 698386
215749 589076
146696 677476
761885 764900
440630 613869
845780 954961
492228 712291
433968 704112
689297 816953
549497 815140
397304 973060
587800 940149
299885 875308
42986 184161
775446 920165
410688 812816
421403 582770
615493 755794
975923 978184
61537 731515
720237 772178
767185 921135
725665 924205
43735 894833
335354 649226
396102 823524
142587 807700
411007 800196
553340 708023
882434 964923
460904 929936
789967 877287
376517 748921
126849 847770
501047 601706
77184 839198
622761 876311
573933 821392
677584 865690
753982 996224
717887 833092
844637 932966
521814 876127
529733 669499
102598 216462
961024 966233
441262 565116
308276 371704
413334 531482
360512 847179
251240 786751
591405 772646
752754 923651
463701 873465
476256 653136
533482 639704
458290 458875
519154 577840
904216 920114
968610 994590
522492 718616
540320 565666
190619 553930
543339 550393
551418 952012
754474 959448
395252 727648
566718 981746
264479 454391
201867 689846
334270 341506
868605 915536
886070 909301
853511 973825
829460 854725
471661 674235
14
119806 597330
198405 603065
745716 848749
282300 472808
293159 311618
394923 952190
483545 598998
887633 901231
866699 868329
996334 997396
900237 909106
139862 961523
277332 457301
746679 868153
42
965820 971701
538294 597068
605040 690645
71090 833646
533232 556056
540896 757308
474413 583180
725446 913345
174802 621663
913363 926098
292105 818983
441110 900060
449981 543787
121946 728705
470339 660052
45747 353470
435183 948951
940343 983325
502103 581701
333200 498800
592777 647375
423838 520727
708239 788689
493670 848747
740405 821186
890472 919206
503672 699386
531727 740467
662079 849702
22855 62482
861994 875944
852581 873940
583145 857645
691107 978088
424795 947361
27617 947022
177945 908792
908591 977230
284120 960612
120974 910204
426109 559722
774418 925592
6
856734 965474
198995 338910
947615 982754
779088 918071
703871 982405
568238 583288
21
557598 898515
206503 883531
948241 960754
488137 996043
622757 801196
679327 984816
603668 780655
987039 998826
78610 172517
353810 546524
826069 892683
29162 757021
861868 874571
840905 892287
663900 999762
270484 458718
187967 524971
278220 998732
976654 993698
688703 794359
653774 837577
97
772502 920189
146493 789037
992687 997425
35104 976222
914992 975841
827218 946014
920358 959911
817535 878044
530571 576458
297518 688781
11010 625761
666678 972451
702544 871259
900370 900946
442133 457050
486521 679771
987921 989717
476037 747047
613648 665028
811812 981426
447678 992825
286231 360234
328154 359019
580735 944461
918117 997257
153880 938818
107236 371317
501846 604114
141057 468430
636616 845455
934404 942619
531389 777603
390275 937413
134855 690291
303365 426957
861703 866625
817681 962321
455619 959606
471384 879250
621713 979552
475055 541224
260652 638877
164193 365073
938795 989196
760608 801684
255240 767610
859049 876384
46387 156915
794429 811910
67725 273274
774853 872520
587645 866449
398392 550826
669133 696735
262899 758930
123789 373434
689872 811518
742476 809767
987769 993301
18243 766307
429253 961537
914808 995946
331636 823316
98982 916893
13259 626518
173920 312291
82069 953790
957778 991628
856648 862142
88272 766700
304006 561187
858795 921014
618444 867456
236863 711278
194454 584841
137863 593858
933717 951621
295645 541199
148294 911959
574676 646894
807297 999191
515622 714328
734656 880721
658281 878244
463911 996729
132386 769080
409648 570580
30673 110114
276194 617419
706029 710314
914499 933660
205187 967717
940123 976044
904137 979519
490847 813028
661775 796764
590838 903351
23
30028 601147
676085 691209
391494 826169
751202 941977
85017 752260
20255 946419
207206 226008
724507 948758
376071 894313
700346 762671
47703 497995
710459 887344
736534 788817
519388 657698
739002 981890
666375 909736
888548 922618
347847 615028
128593 893715
213830 792529
119851 909088
829622 983645
16634 417921
20
403681 418323
137983 240591
213336 751398
620787 751200
694438 787217
693968 728978
151576 684591
555334 835753
609645 872003
325719 793332
64720 546531
322854 727115
263409 859977
277235 931352
398573 974162
692579 969495
84516 640178
460888 990220
497367 500575
492781 779586
5
243502 713555
851001 851914
270019 562376
12082 449615
776196 873420
13
853770 992571
784216 922787
475491 538026
351578 714340
95222 557263
546634 854436
577316 951701
702242 913845
218470 656288
961898 977522
731237 964775
199743 438417
981561 985082
22
470074 869283
861702 916192
435182 560867
513893 758421
948134 948310
807710 867397
79770 772271
688839 996335
881244 883132
605666 646662
114985 156783
704190 772465
645923 898463
565016 759897
644563 800276
299036 581413
307720 935499
412499 690675
659499 996668
176382 916548
74318 993904
250854 627462
75
6844 407173
937085 963195
604947 616495
477887 564277
985543 997531
459642 521960
521438 744544
401162 994792
12160 415458
845615 846576
34645 412257
88986 712597
298049 986198
367830 789427
513533 762948
940168 951257
22397 89646
791359 993211
495605 787306
818848 865859
17751 957582
197241 200021
117174 485116
134743 241737
900100 976940
774371 812614
209550 752186
118941 502483
78546 570125
336779 891106
346155 676791
59031 785475
709657 744401
131642 705809
687350 872100
37608 266733
341969 830688
338638 472612
801243 995703
736539 923263
158968 781454
401742 682148
197196 282228
879320 930958
815697 979503
115882 782043
793020 865393
87607 861910
260347 758262
896804 896994
945677 997146
893474 978433
300384 625010
4215 963195
775351 825105
600829 845506
864711 986308
392090 505258
49921 714842
868851 965230
401323 956624
554837 918383
419652 437994
196176 994771
263795 545707
124870 828388
462285 912914
929801 974130
65912 760319
71893 282770
441219 521093
65681 913008
672783 837173
314598 637577
138059 449631
52
49106 866024
952881 985491
837404 900651
922309 935451
72553 609137
859863 895305
489490 729094
437142 767955
935363 973525
670207 778689
980555 982065
284552 492152
326979 551240
759758 812824
461640 898622
371762 656819
423777 673293
612523 791350
31843 804404
105511 110316
510037 579917
912519 974039
602532 661263
610183 782383
897966 924891
670922 742380
123044 459650
658838 669414
237131 880747
180126 340111
384478 914894
281097 579273
325744 551626
428634 747234
948326 994023
662806 820318
960176 965578
581844 687760
117751 385119
684793 887770
779086 905819
47311 840372
392941 486512
93931 259938
155992 971472
682036 737220
602078 927735
92577 293693
350714 880280
343487 432278
16243 564727
432846 649571
49
271739 753666
823726 902375
13561 613713
11369 88123
76513 826665
226838 413677
321803 511894
103797 145080
520848 978381
305982 946012
287816 752380
170352 238413
731623 874539
545703 627801
676929 733187
302529 425933
745330 971840
766540 905732
312086 429353
375123 817962
490716 576233
226559 334922
989646 992192
888144 989813
268769 347819
836485 936332
155547 709875
656042 700862
223144 572109
375127 735630
608284 609132
836266 996737
365732 959863
668713 962331
346165 487912
77489 633636
298267 743897
186358 255719
676561 843991
367432 972746
307905 574205
774814 935238
768392 994480
866495 924886
224933 352146
752889 876622
161638 410554
99494 443453
42276 604349
24
497327 902067
243698 526213
467048 591103
532688 754614
564584 718659
666875 787531
987894 995285
288325 788406
553607 775939
868003 989254
505664 911030
17321 214635
291464 566240
27195 27347
288007 605359
110483 667964
231622 950442
703817 743803
928476 974312
925296 946993
877758 977568
909835 939009
819246 878659
685273 855922
86
415857 419383
521926 792061
601029 843669
317352 340692
406313 488940
247067 405111
468039 863068
872335 875726
971182 978543
692616 764427
631077 742603
354203 815186
920852 949148
666514 730660
419823 978667
738891 830151
669259 741371
176657 263158
765433 938131
455841 696734
508369 864515
804481 917329
228076 904841
592282 769259
306628 624224
429325 513620
677509 847633
490139 888390
157695 870332
239097 751524
522187 998040
96605 537401
147571 277089
454059 605748
803474 968654
470757 951395
986514 993890
326638 808798
88709 274861
892364 978529
665185 946705
71430 360967
441200 488258
154226 959583
827168 855461
335697 378819
933921 972963
987044 993813
879286 929218
560352 872171
301688 977689
674736 860055
707676 755976
642648 789342
811681 940536
76019 527916
555494 599267
793693 950091
991870 997633
353063 675446
943049 966280
454819 628252
62534 792728
748588 789913
841521 879861
71418 897772
721141 908785
66987 964705
126691 346752
348814 780366
171081 667494
46883 422634
842735 987042
438385 996011
635116 900560
645956 792664
878051 995398
979141 979707
271996 501443
93800 260650
903358 985703
304200 979533
345489 965171
447719 688738
203922 742450
412925 630332
11
875309 991277
842443 904751
979800 982676
875159 903972
483087 727141
348278 440897
965876 992126
501555 808295
49124 475889
439861 641934
821832 967609
54
219620 353256
541241 785663
898893 929594
436110 442714
866122 916914
411543 860267
528349 878585
465412 612305
806874 878469
284277 910163
932590 961403
38508 918873
121632 212559
21743 464735
510913 583270
592425 984060
817078 883239
605602 850062
179237 230902
413099 940768
37380 350995
987272 991702
297255 833430
139373 791881
680621 957638
456826 620187
619734 788115
6785 496513
567344 863360
53026 318374
641171 823549
454053 608603
304585 809521
971436 993397
817691 832136
507934 547176
571202 662927
793908 972967
953227 989657
702109 791258
601245 807262
573165 819880
438896 861483
474024 531426
730030 763011
990097 993276
233131 368480
241783 457296
313323 585151
994786 997338
539637 700278
947685 949235
948692 949300
286093 306491
56
626697 994349
509591 859708
311760 813316
63479 441386
210463 268237
809971 954074
615296 976943
323027 496367
872585 948844
664209 958117
618916 623329
147985 908757
767037 981926
460607 547990
518145 633987
553989 653240
329438 782219
875924 972027
121339 340793
423541 871702
437793 601308
196546 898576
257453 602096
217174 715660
647636 732006
392693 832711
115380 162984
455912 789382
544326 924024
106966 413502
278032 697249
205884 456330
779192 798054
251983 268007
282999 378112
16505 22084
773195 815884
698070 947944
153438 331947
687318 744666
628639 753594
352988 412640
573863 799067
647589 771766
554506 775383
311994 748595
757281 834026
77 21179
284663 892698
13991 167173
364380 577552
30784 53022
917661 931055
91380 235522
537847 562425
690790 715072
55
902969 918070
488299 980573
943269 948699
876746 931755
150773 822406
812202 828377
26849 434417
187275 535331
143788 229361
979091 995854
15830 417931
498892 874108
317802 953836
585839 844403
698798 743327
781072 829460
373317 806390
93581 999312
394706 632349
717901 885789
609291 699256
825253 826173
730694 939482
356222 703838
685126 951781
502798 583751
57386 112721
360349 612729
789042 919509
116602 996393
783487 851100
17365 460737
725052 947971
662590 797596
298506 391018
918552 953920
838942 979791
995641 997294
401726 964772
957758 973103
245669 820796
638666 870810
561604 924423
302650 779748
316736 983654
125119 893406
308565 842622
912550 914101
66741 497047
588072 683492
28088 995886
396180 785832
617863 673509
234086 525523
100628 847632
45
208777 627366
695237 728501
698139 967326
446103 542465
386030 634112
629085 904582
464347 761476
304785 734014
72377 140247
890940 942736
751980 788205
81270 423103
127576 414038
833514 992635
417312 576507
340917 664070
908821 937612
443911 517320
25426 401182
594673 869559
83120 300833
786114 789530
697774 811109
374214 714921
854392 870647
386378 990268
219356 451879
428689 699070
46638 594055
487778 752554
796004 831780
40883 411060
6596 105588
748922 930944
935361 980145
191567 260428
980716 988696
766436 898854
952100 999261
431812 930587
32675 425515
932037 967369
77045 619607
890704 892228
765471 780041
64
760937 974177
148312 450739
771663 908033
357108 749769
771431 944459
593919 681839
460268 506524
307506 901495
251744 874466
385856 885218
159196 976860
658142 679288
393723 951603
67858 261130
194457 803608
271269 909330
991531 994803
7079 358114
552185 880373
514815 776915
457104 787873
47322 222421
462403 805301
108883 477874
298213 469361
184405 234010
991325 997447
674067 858998
337709 765941
249410 393306
426322 577572
320787 499495
6466 836718
875406 991080
223818 588232
161778 265083
342664 826061
350463 643008
224894 974753
999168 999730
192978 588324
970849 991093
971371 995774
894496 976014
142456 692533
428475 668979
574594 654085
605840 709882
860427 935337
149138 541725
59583 777360
49433 117460
939277 958645
519598 952060
420473 842711
373223 606291
370872 833124
339907 425670
36230 413180
723197 739468
662205 924728
565622 799572
694514 870015
170384 320261
31
218268 801634
758349 841683
600926 999210
332914 709021
792485 834372
310037 485468
770016 805119
15304 43734
290373 983869
867213 878242
124292 348316
827772 964628
904038 955954
154497 819162
460796 853677
736061 966449
986770 988715
286002 579731
291944 404564
68044 787826
618771 894233
594251 703866
204272 889474
565693 939824
25819 295085
394202 538271
70578 215279
307970 892901
882470 949296
815571 867499
620228 644345
72
811318 882695
113563 985995
845976 917130
492332 990110
776229 853436
314240 978170
236270 667483
507450 641436
160788 610763
858471 873620
147820 773750
295108 964647
591191 760806
133580 621168
995142 998289
770521 892598
157893 179483
231395 541684
483571 884373
256417 825795
365591 777593
598592 684025
340015 826180
505079 786145
52811 441973
916457 956785
265161 389623
630916 825107
501423 601098
758047 797081
10213 52495
599660 902883
355711 504145
703258 828823
817791 978942
328745 921450
167012 611066
296474 534090
904657 907495
601264 702711
571353 968322
231488 534159
781616 891965
425652 952552
356165 773103
899083 942111
864939 986218
805019 842087
495289 732490
800616 996153
797475 825620
890194 924330
559244 760853
934331 991099
271256 314268
356411 603141
749496 805446
171398 972704
482165 655794
954762 995318
779355 892220
172505 331804
681280 961461
210402 615365
636637 864810
54395 226903
977754 992777
870297 977794
669493 687447
37193 523160
399880 956081
770273 916152
36
249004 427020
25720 443591
648331 879222
630641 784408
268632 994313
476538 957018
598858 866161
459326 593314
582514 644793
158425 267366
304468 853417
294635 405295
533027 983367
796899 903119
191552 407923
708709 828915
805960 856636
164236 902870
815439 997024
825690 922396
818657 841242
566735 868246
209556 945012
97734 574380
452340 620019
562046 631447
803567 903599
45949 972152
920020 990903
281867 283036
711891 835880
546108 890872
111569 263745
580154 958616
473366 694261
929540 975591
64
508840 570037
280637 433275
47663 799773
700498 839103
124109 489340
946861 953936
198021 301553
83346 271749
471377 594880
836269 983836
100326 326368
979500 993920
953406 988414
295527 428397
601666 735957
22877 115054
268731 458248
198729 942805
66334 355974
739440 834489
332168 341186
181550 717814
757982 786534
887518 964868
589230 678559
215468 484237
589462 927499
128141 210070
302784 963323
210121 294466
250389 755831
688884 930478
269702 647201
576706 941246
392730 441352
37386 714650
476855 954103
887296 890334
280547 354980
26583 699018
875889 915038
390838 399501
605296 842812
699369 889513
845583 952513
837767 935134
658233 767048
427971 954297
364791 993575
153530 749592
695646 992019
210156 790396
600879 647090
603041 781970
368569 386386
290411 740534
457352 825246
993013 995065
609426 963482
624897 994975
531467 871768
373056 548212
170187 918464
415529 765123
47
726420 751255
736297 899193
330304 575483
448854 563608
168893 904795
164158 321816
310967 717646
539302 670296
300880 345250
219541 577901
286659 894967
655589 874479
243368 965355
720688 725717
651779 859007
810980 923909
106792 833477
166165 814966
246773 650473
118937 411439
613543 762698
80226 175634
597450 881554
276145 774815
53662 753397
938886 974939
601309 684164
561314 870098
808563 884746
566683 854255
524768 988367
264280 612556
513616 804388
105705 962419
132580 448923
726352 886517
31366 143446
790741 886440
809535 894925
828454 970747
593979 877003
564397 671993
766504 793027
974150 986610
905080 948032
376165 903463
871285 930897
81
140212 160723
444855 495302
908778 995265
41816 320683
829601 941336
29016 624033
676431 807801
801731 930475
139286 798373
903046 924462
256407 907996
111296 936902
265100 760112
424217 638785
491526 872679
807223 896469
154183 247327
698841 973458
147210 513094
517968 792326
95848 768908
877759 929797
779853 938894
147758 631813
403641 440052
644738 741146
932507 939409
695365 779635
189053 252574
14064 431905
291043 832599
856482 901495
105041 525763
873488 937340
399862 400589
80316 650154
387242 629183
427316 450232
861091 943268
488328 798981
73868 965869
938451 969495
568527 747876
730248 826984
181306 336263
83748 827488
524689 998690
812363 880476
379520 664586
568519 761398
744791 880499
853771 916697
165119 241733
291689 783935
449773 879596
66433 377643
892829 997272
224035 717533
904958 929895
206818 604181
794565 970863
470826 725210
784614 874038
754882 781181
464879 564458
517562 991651
19126 461532
208372 837952
701099 877081
235685 276891
226010 742013
394954 790998
801605 928365
495032 526879
974614 980378
59660 312657
292595 297344
391000 931035
889567 965965
549797 909869
993042 994804
72
84358 664859
810046 891424
663792 888992
341242 830698
970654 995625
91686 838139
231686 241917
719377 885859
93045 880174
635548 906714
535837 650599
236145 518634
976476 995373
275187 476478
489010 746143
859848 937596
204608 238220
267575 378905
414061 461939
170784 622494
962874 991822
920095 955973
328673 888087
851640 980806
273702 355249
635449 882590
379192 662741
879030 978437
640295 827642
886316 993090
102136 446999
197068 210437
805228 808493
127446 803309
959589 991765
81269 564070
754193 758578
739691 755764
30872 283440
915045 944378
564196 993124
162680 750373
748885 930271
848785 873875
561451 762654
932578 970028
588552 683764
914983 978830
819763 873919
49910 128681
854050 915363
972046 982324
976723 980097
847209 957570
246394 550687
634664 938161
829572 946473
780674 905893
997290 997640
475145 669016
649753 937777
146993 938763
343715 457988
98987 593003
192541 378457
701900 909759
144528 349803
928 835535
574716 677272
123506 356416
84187 589460
259906 277367
5
534131 787601
515978 777659
639305 896995
86882 311706
905634 982532
74
648007 700533
518923 833844
118664 686562
926614 970143
240260 924602
427240 576889
371894 742122
626147 701209
402411 562515
163091 877626
828754 846469
20597 488397
371356 833786
179324 773412
621653 843505
99067 881148
309906 779924
847157 990816
217141 596788
805296 874764
294745 465475
598134 606438
896604 938157
670575 688608
5954 334162
487264 563767
353185 646137
686743 944277
136741 182198
504381 662879
456112 921872
852318 986103
123289 681008
451107 534899
962129 984644
876690 947759
991677 999913
812914 893980
311771 569668
956807 983444
718363 920533
139384 952602
409188 740606
812675 892018
353141 400596
711764 837432
720641 805369
554769 614921
210567 233689
181047 220730
617793 915292
161611 293490
85752 204952
772129 941664
905571 919012
433505 493675
28292 45944
875802 879637
662189 751641
418081 907740
433178 723162
971390 976663
229409 841871
126964 342143
28318 187074
41610 610060
969258 983826
780954 908851
628973 884128
565236 990635
693019 995699
470930 481295
177081 850625
683996 758294
99
104410 193348
92284 699363
349940 695734
162152 342334
919544 972192
673950 940495
313378 448842
46461 395392
878749 887238
878015 897433
578027 661730
17252 393889
689105 729783
882717 886305
312726 764598
366348 752791
978409 984235
309159 716090
728775 998681
736610 808796
390476 479542
926615 955981
757203 866742
289374 828284
341203 392504
644056 915002
833168 913460
375191 565276
382462 640745
226361 394399
783881 843961
843128 847711
936802 998298
553025 897088
89175 254916
456862 712063
767161 800061
388096 678824
137512 598905
516288 589695
748131 849890
647730 972402
845015 849519
475274 802283
765829 883982
203621 630079
433123 581782
515072 877050
299361 924783
788161 999899
89890 807202
967373 975803
781137 827522
488398 896550
591697 953042
396275 861500
262553 513028
14227 421348
689590 926162
707891 713921
57068 830276
868928 990050
845581 930169
777041 904925
249193 669932
581275 600094
793467 901895
901746 960850
60509 866884
697867 834182
92651 169401
203147 456582
312960 369843
964302 987974
454642 575440
799850 822347
766357 980080
791581 879129
314983 482017
471041 932164
183312 871176
243789 275198
963665 981767
928603 936380
699672 778334
667194 903976
384103 909535
591946 832706
269805 492397
517573 536821
480070 485237
272353 668395
163597 993092
18681 872200
298212 567776
942512 972875
390495 772259
223502 636335
726315 735232
91
585419 832355
639199 899404
405277 611140
310536 626495
140423 611511
325360 760367
833801 875015
450668 642082
21960 444257
997055 997906
327958 415853
868460 954905
293313 396675
317200 989286
649221 993117
718775 820144
102051 183058
365666 478474
128967 141670
962486 986911
903325 950086
205012 707256
661798 829683
947092 967359
689505 722396
457976 859475
622631 897252
584773 756119
888573 982840
261271 779106
424524 879237
674868 941818
882796 900215
641765 673167
996416 996787
214176 332815
678717 723143
658417 867954
602958 960010
187090 637270
11765 355918
585486 878289
237278 606038
913297 966718
356122 917285
689064 697511
863129 894452
507543 748891
498549 629106
921568 939620
298411 760150
532655 957301
798581 883214
377034 647738
811987 844123
459850 485780
266752 488433
118466 383373
356683 472169
669680 928585
447169 564909
647344 804896
164304 174261
799273 852031
259184 370398
266 723737
869414 872266
103935 468395
605973 608802
131906 595822
769491 883677
868281 918596
676434 938027
944442 952209
587881 736431
642129 709115
133039 215818
668381 918565
242259 508683
69365 157294
456570 890359
305224 358637
891452 985521
934952 968555
985675 999022
971897 986566
818471 934913
916584 942658
452790 589306
963253 980782
18621 642620
82
748971 792291
454167 859467
228466 503469
941067 983160
702445 911524
387980 808585
968540 990088
245855 645601
832593 905471
897859 932744
139912 914499
249524 833611
775257 876357
36338 161000
974220 986401
861122 937810
84816 282945
218005 866106
861561 945735
845565 990452
68093 553831
361440 640140
335151 482922
324130 876401
327792 718956
250865 603679
666702 775949
766250 880960
46315 484399
647576 661604
558192 560099
698279 707715
986407 996492
802455 810485
17248 891101
808845 961889
814735 972154
539100 626275
104252 726549
162728 188089
165311 435286
359161 798228
184221 847133
171892 785721
906868 933715
974621 987328
4414 472832
542720 654132
264056 667430
309252 385604
955648 994655
523075 600364
689056 695804
267872 508705
456570 493667
531157 888814
559674 747608
802111 851608
403085 835628
188864 316036
830510 967511
746909 876703
1250 879456
769866 890029
318624 636724
818059 878675
736405 867230
237176 347613
4918 864881
185001 712681
431723 764809
286367 482469
484832 949723
682368 761470
346082 651119
350764 862953
124789 838066
351833 835892
927626 963429
564174 828561
105828 155996
99558 462234
77
943975 965164
365740 437133
102684 547310
310459 783976
209245 578316
883748 927417
256915 295583
954908 967370
301517 402998
403595 926490
498145 712252
867736 991326
47045 649686
957395 985828
545986 902545
630239 930350
974823 982151
707664 786061
830092 944703
666249 733092
431233 675819
689838 802638
807441 991128
839834 840588
9742 841010
852215 892457
154507 923985
672925 818692
125714 403055
253222 516861
46455 523213
294693 774685
18498 71336
767311 959847
262002 516602
864969 947400
419605 652515
594632 867564
620563 801553
892266 956989
566370 943650
424215 984900
992587 996292
147356 892506
173293 585409
956380 985557
771642 918442
750072 909056
295473 336927
164375 816961
947808 954825
716768 890220
309709 857214
801404 996811
935255 953725
633031 718523
432524 754146
237690 371597
75150 542545
604491 884457
909857 927895
896683 930917
845944 869335
543157 819760
26069 925641
552474 924913
993855 994987
794990 818878
605058 640547
398666 749368
370825 645023
182216 243067
981858 998898
38227 469239
939055 979524
286872 573239
435440 578502
1
359926 551087
19
615245 702753
321916 833608
746098 954327
534533 818352
836914 889254
907267 935191
636985 914493
898135 910202
733906 964269
817581 832075
232806 570110
395991 667697
609340 947266
652188 915835
145077 505165
567610 767678
698974 776345
831877 982869
467028 957058
85
483656 709235
560394 788164
218325 971824
517580 909369
611260 767497
896962 899118
409893 737112
328188 331634
187845 807753
368977 784727
432425 876241
312238 695560
601534 888334
730234 934621
252301 546611
771260 837617
766157 786314
963903 993662
316133 937479
392845 584499
115354 602118
94267 703736
200554 268401
397786 812439
140368 927584
746668 895663
295663 648054
312800 450179
138684 311140
260086 320678
319250 557845
6318 60525
609447 751200
11516 509224
311549 617718
109703 500261
399704 670585
744714 847412
29026 599858
200134 428340
576995 993928
160387 175226
284484 792947
161465 689193
271117 982443
999201 999712
901284 971885
772889 831441
599494 654384
262476 591689
977802 978825
790878 828004
655435 756495
185147 766114
262014 673120
894942 994163
71234 121558
417540 718084
168189 962075
126677 327774
859808 958071
296325 555943
293940 401704
611315 956792
595657 901126
72565 722621
454878 506315
837041 886548
701629 829930
251887 759757
779162 959859
885415 903172
217312 988982
879386 953104
427800 681567
383359 450335
82800 496704
488810 904235
180988 637793
189346 783779
848513 853653
733545 781870
633377 912041
220086 970096
174746 284763
46
894969 963441
988844 998765
78491 886527
95002 498392
24310 808270
104253 323085
237887 404569
921308 983762
969987 987359
139186 580507
803616 911959
62481 848773
902697 931060
15348 732426
531790 797558
555653 581105
921192 943507
165084 360755
122879 636848
590762 898920
729896 790233
346923 831488
915923 951516
935622 965179
645548 948449
977229 996653
874352 944626
64740 282327
372046 566489
482343 706513
190832 388942
125854 903223
118070 845508
847521 949307
116362 395251
446337 810053
791908 853308
429803 679122
205357 336961
413917 683584
22013 806752
756023 942568
664276 975655
670059 819926
364206 585155
442488 589121
28
73220 811310
149183 898106
380915 520018
331708 929476
957912 966467
533897 876737
998312 999986
875244 918983
943498 981276
696915 745201
201171 882933
247885 735001
856335 936153
460389 513543
998726 998890
191981 743618
480319 969813
340930 624177
263565 708312
10720 723218
85543 795371
170952 799319
359811 577959
954593 994649
919442 971509
941232 984849
810617 896137
874833 879566
57
1472 20055
418939 937576
307674 681523
956592 964962
716216 900146
371905 538306
934607 958902
874555 876597
833749 866983
753195 754012
3792 193657
734231 769917
591680 971606
953064 996539
277907 458606
566092 582202
99680 593508
219663 906831
690058 727376
327285 789123
205674 223001
246510 485426
508478 884448
203049 698502
605532 907382
94676 297198
380887 988615
12800 350272
512295 576551
100696 708376
219580 725662
953838 972417
220149 252666
934162 957397
903222 993323
40489 145869
599851 857608
191288 584319
666474 667043
893527 903675
362126 795704
749803 764286
287803 343040
893350 922146
74071 295928
879644 972189
71163 822592
577039 736112
816652 826013
641353 754038
463351 921921
75061 353770
380662 714023
905463 958862
727729 933436
724208 777400
319266 856142
59
305417 576552
790631 916996
686701 718638
702203 781473
828915 892345
301 732994
732194 758752
88428 771219
618884 819173
516149 899018
32204 76006
550608 937739
284004 603556
550029 917231
733340 754176
124332 344999
700413 824987
698060 777908
486870 582791
64058 622062
417861 869992
56008 702156
910667 919109
772980 806390
264630 727223
171629 934370
305523 388122
930531 979991
666531 757898
909577 924137
419458 912597
558973 780340
53965 723584
609703 732141
952775 958903
110661 378681
213940 642745
444190 453849
832353 899703
279706 791525
999057 999085
966075 991083
439609 828218
979751 992658
211607 749911
176849 346225
418437 956269
126116 341231
927519 988888
76611 180317
948613 949943
715863 967548
170869 978899
685078 763842
235190 499040
530598 784754
396712 983553
455669 462941
410401 847822
38
655853 944904
274922 498201
198435 235057
111780 624123
452048 998861
446425 728300
185434 579031
518047 798453
297459 573702
932355 971313
778963 786469
266864 350560
537673 666592
93977 372621
733184 805482
3819 471458
764418 791362
407729 959928
139363 296400
975428 979304
169293 837843
727142 792087
60658 370559
472062 670028
943685 967479
924310 972042
188277 846050
810724 928197
239516 916772
396623 421991
939967 942402
31546 419591
835570 908591
108852 494264
413421 525342
484118 629787
552856 785010
419743 601498
94
70871 341068
642119 843569
532 903073
127829 277520
668178 998099
304636 497981
903540 944430
797068 991346
80186 451179
46097 928879
401515 917913
60522 70415
441928 620306
954330 990448
930471 990534
480739 496003
213002 555580
553788 715120
740560 975934
342471 412189
987635 994914
601697 800071
737584 882608
868998 873597
276267 769162
144887 996498
57593 547055
361193 784633
331961 423747
681101 778346
810940 875892
733075 915356
171177 911782
64577 438234
630944 872764
113609 797933
160774 519698
717280 957957
5665 718839
214960 251942
568311 770955
965021 974155
457881 975314
255344 312737
325973 839317
843765 876659
617015 771471
642007 886545
387655 553415
589492 736064
392937 956285
458243 641408
632041 761543
87625 339655
546232 826488
629252 922921
183247 248531
414847 729052
267539 901759
826322 842470
998680 999465
294100 609106
888021 997630
287131 807373
939298 949239
750602 865402
435153 549400
388933 593203
187460 739543
766397 926804
681853 970875
674435 809113
147762 925338
428646 521274
463558 528400
675623 963833
379711 843114
624389 990046
593698 648939
420225 964617
614283 699302
951395 993583
771649 881500
200071 237214
250752 365059
522317 912446
759721 832968
697853 923766
515127 905742
713009 777344
359931 526638
795495 865933
60816 674092
850827 898475
44
533289 958992
736841 993546
918486 928152
462551 730850
662861 835408
770850 893103
713736 978973
56154 821231
36686 645355
388641 979961
614227 848316
368620 461344
70345 377184
716454 811284
347939 978453
696039 926947
375921 503311
78122 827506
443652 640626
141177 186987
555041 753160
384913 779087
168944 338730
344594 430519
677062 692249
887398 960906
476944 490314
939539 950055
330831 891655
280968 493293
39867 637683
604802 990942
815744 831652
253368 476429
940304 985667
255222 953854
676722 766202
892573 909020
624953 814592
55915 798467
880436 922822
438490 556960
435803 896043
396232 417321
12
53209 886466
667331 785718
843848 910374
847581 949240
937989 991073
135847 585601
9474 759565
288625 591806
484380 570279
150527 890243
925168 990406
806145 902885
94
9154 182427
158056 277999
330928 817323
805399 994490
94218 220638
152822 463733
201772 327985
454408 575835
243653 368586
90960 757792
393300 901371
517923 618934
661844 705328
687448 783361
556312 952133
754266 964811
702405 912297
660683 749268
611234 962789
330746 785115
748770 805662
917566 986952
963406 975306
89300 990571
748934 829709
467009 764560
211540 893287
582720 740584
295982 759071
49495 201383
995409 997596
346663 919966
753634 818977
219608 430506
42548 93053
703416 934605
401221 938694
659239 897187
704684 828021
208354 462066
27777 926477
148212 431338
101046 289518
788791 947539
242457 671822
463256 889775
273036 901452
899407 933530
968331 978009
298838 383205
765515 836352
508384 872216
390037 994976
785446 906696
378526 763703
111502 894073
201780 918137
998888 999549
880324 956034
293051 412424
187347 637193
932 344063
349823 863686
487327 503023
846163 992200
688147 778727
982744 999756
624423 842894
730114 889477
634456 715444
918614 966961
929625 948768
772730 798243
245558 554002
488099 505599
356972 658611
652370 749746
364681 697483
227908 731941
650003 850848
105859 825822
411978 538511
533910 978037
562953 719143
707375 909641
988482 996825
928327 973937
687451 900510
155276 807456
162117 965875
476966 709982
844601 938163
827137 975903
985062 995903
18
561285 864683
235865 488050
45778 268378
655515 973132
813018 848233
327702 887240
528704 915365
100235 702933
720286 852864
889155 940781
708319 975446
662126 944327
653026 786362
339902 353679
346158 410131
978971 982356
683839 889819
152420 894924
98
250069 354377
88806 714285
862148 903190
162484 747467
165223 571187
300480 317229
866550 946445
73728 957568
171615 967447
798002 989905
27151 633702
285208 299521
274979 531502
625982 918691
582353 998589
689512 792002
678378 802594
301438 914071
905847 992944
811962 839594
29995 493597
453543 973505
846581 863438
703560 792010
803840 807384
743655 937890
947610 990223
739605 942907
583015 857643
973521 997644
313216 668685
293281 382330
941596 960431
627737 985364
559550 792826
320640 390061
89736 586166
908772 988206
755209 804104
431384 689387
645729 704816
92952 414799
154038 481476
161551 840080
130347 199419
543781 939077
896880 935960
240917 867818
140295 577850
923848 930167
344415 730137
29771 926534
11557 589328
801737 831603
398578 630024
777798 980614
967521 994267
892240 893968
625308 959226
321342 943020
110252 293151
538758 560443
262891 305701
481392 602907
775600 907149
367231 812958
722787 822390
602549 907658
231314 950555
58069 519200
284759 894764
867335 980464
625039 812230
666938 694002
848483 903987
823420 957965
69824 132621
9282 116576
702748 896253
502870 752235
990488 990834
971935 991972
820202 852337
988484 992024
608157 689705
210708 441572
78384 513216
335077 405770
960907 972950
623572 722638
905401 915666
274855 826118
632837 875372
71063 659901
209481 648224
953420 985864
659490 991496
218233 223439
